Número de singularidades encontradas: 124

sing =

  Columns 1 through 11

         0         0         0         0         0         0         0         0         0         0         0
   -0.1345   -0.1345   -0.1345   -0.1345   -0.1345   -0.1345   -0.1345   -0.1345   -0.1345   -0.1345   -0.1345
   -1.6397   -1.6397   -1.6397   -1.6397   -1.6397   -1.6397   -1.6397   -1.6397   -1.6397   -1.6397   -1.6397
   -6.1087   -6.1087   -5.9087   -5.9087   -5.7087   -5.7087   -5.5087   -5.5087   -5.3087   -5.3087   -5.1087
   -0.0689    0.1311   -0.0689    0.1311   -0.0689    0.1311   -0.0689    0.1311   -0.0689    0.1311   -0.0689
         0         0         0         0         0         0         0         0         0         0         0

  Columns 12 through 22

         0         0         0         0         0         0         0         0         0         0         0
   -0.1345   -0.1345   -0.1345   -0.1345   -0.1345   -0.1345   -0.1345   -0.1345   -0.1345   -0.1345   -0.1345
   -1.6397   -1.6397   -1.6397   -1.6397   -1.6397   -1.6397   -1.6397   -1.6397   -1.6397   -1.6397   -1.6397
   -5.1087   -4.9087   -4.9087   -4.7087   -4.7087   -4.5087   -4.5087   -4.3087   -4.3087   -4.1087   -4.1087
    0.1311   -0.0689    0.1311   -0.0689    0.1311   -0.0689    0.1311   -0.0689    0.1311   -0.0689    0.1311
         0         0         0         0         0         0         0         0         0         0         0

  Columns 23 through 33

         0         0         0         0         0         0         0         0         0         0         0
   -0.1345   -0.1345   -0.1345   -0.1345   -0.1345   -0.1345   -0.1345   -0.1345   -0.1345   -0.1345   -0.1345
   -1.6397   -1.6397   -1.6397   -1.6397   -1.6397   -1.6397   -1.6397   -1.6397   -1.6397   -1.6397   -1.6397
   -3.9087   -3.9087   -3.7087   -3.7087   -3.5087   -3.5087   -3.3087   -3.3087   -3.1087   -3.1087   -2.9087
   -0.0689    0.1311   -0.0689    0.1311   -0.0689    0.1311   -0.0689    0.1311   -0.0689    0.1311   -0.0689
         0         0         0         0         0         0         0         0         0         0         0

  Columns 34 through 44

         0         0         0         0         0         0         0         0         0         0         0
   -0.1345   -0.1345   -0.1345   -0.1345   -0.1345   -0.1345   -0.1345   -0.1345   -0.1345   -0.1345   -0.1345
   -1.6397   -1.6397   -1.6397   -1.6397   -1.6397   -1.6397   -1.6397   -1.6397   -1.6397   -1.6397   -1.6397
   -2.9087   -2.7087   -2.7087   -2.5087   -2.5087   -2.3087   -2.3087   -2.1087   -2.1087   -1.9087   -1.9087
    0.1311   -0.0689    0.1311   -0.0689    0.1311   -0.0689    0.1311   -0.0689    0.1311   -0.0689    0.1311
         0         0         0         0         0         0         0         0         0         0         0

  Columns 45 through 55

         0         0         0         0         0         0         0         0         0         0         0
   -0.1345   -0.1345   -0.1345   -0.1345   -0.1345   -0.1345   -0.1345   -0.1345   -0.1345   -0.1345   -0.1345
   -1.6397   -1.6397   -1.6397   -1.6397   -1.6397   -1.6397   -1.6397   -1.6397   -1.6397   -1.6397   -1.6397
   -1.7087   -1.7087   -1.5087   -1.5087   -1.3087   -1.3087   -1.1087   -1.1087   -0.9087   -0.9087   -0.7087
   -0.0689    0.1311   -0.0689    0.1311   -0.0689    0.1311   -0.0689    0.1311   -0.0689    0.1311   -0.0689
         0         0         0         0         0         0         0         0         0         0         0

  Columns 56 through 66

         0         0         0         0         0         0         0         0         0         0         0
   -0.1345   -0.1345   -0.1345   -0.1345   -0.1345   -0.1345   -0.1345   -0.1345   -0.1345   -0.1345   -0.1345
   -1.6397   -1.6397   -1.6397   -1.6397   -1.6397   -1.6397   -1.6397   -1.6397   -1.6397   -1.6397   -1.6397
   -0.7087   -0.5087   -0.5087   -0.3087   -0.3087   -0.1087   -0.1087    0.0913    0.0913    0.2913    0.2913
    0.1311   -0.0689    0.1311   -0.0689    0.1311   -0.0689    0.1311   -0.0689    0.1311   -0.0689    0.1311
         0         0         0         0         0         0         0         0         0         0         0

  Columns 67 through 77

         0         0         0         0         0         0         0         0         0         0         0
   -0.1345   -0.1345   -0.1345   -0.1345   -0.1345   -0.1345   -0.1345   -0.1345   -0.1345   -0.1345   -0.1345
   -1.6397   -1.6397   -1.6397   -1.6397   -1.6397   -1.6397   -1.6397   -1.6397   -1.6397   -1.6397   -1.6397
    0.4913    0.4913    0.6913    0.6913    0.8913    0.8913    1.0913    1.0913    1.2913    1.2913    1.4913
   -0.0689    0.1311   -0.0689    0.1311   -0.0689    0.1311   -0.0689    0.1311   -0.0689    0.1311   -0.0689
         0         0         0         0         0         0         0         0         0         0         0

  Columns 78 through 88

         0         0         0         0         0         0         0         0         0         0         0
   -0.1345   -0.1345   -0.1345   -0.1345   -0.1345   -0.1345   -0.1345   -0.1345   -0.1345   -0.1345   -0.1345
   -1.6397   -1.6397   -1.6397   -1.6397   -1.6397   -1.6397   -1.6397   -1.6397   -1.6397   -1.6397   -1.6397
    1.4913    1.6913    1.6913    1.8913    1.8913    2.0913    2.0913    2.2913    2.2913    2.4913    2.4913
    0.1311   -0.0689    0.1311   -0.0689    0.1311   -0.0689    0.1311   -0.0689    0.1311   -0.0689    0.1311
         0         0         0         0         0         0         0         0         0         0         0

  Columns 89 through 99

         0         0         0         0         0         0         0         0         0         0         0
   -0.1345   -0.1345   -0.1345   -0.1345   -0.1345   -0.1345   -0.1345   -0.1345   -0.1345   -0.1345   -0.1345
   -1.6397   -1.6397   -1.6397   -1.6397   -1.6397   -1.6397   -1.6397   -1.6397   -1.6397   -1.6397   -1.6397
    2.6913    2.6913    2.8913    2.8913    3.0913    3.0913    3.2913    3.2913    3.4913    3.4913    3.6913
   -0.0689    0.1311   -0.0689    0.1311   -0.0689    0.1311   -0.0689    0.1311   -0.0689    0.1311   -0.0689
         0         0         0         0         0         0         0         0         0         0         0

  Columns 100 through 110

         0         0         0         0         0         0         0         0         0         0         0
   -0.1345   -0.1345   -0.1345   -0.1345   -0.1345   -0.1345   -0.1345   -0.1345   -0.1345   -0.1345   -0.1345
   -1.6397   -1.6397   -1.6397   -1.6397   -1.6397   -1.6397   -1.6397   -1.6397   -1.6397   -1.6397   -1.6397
    3.6913    3.8913    3.8913    4.0913    4.0913    4.2913    4.2913    4.4913    4.4913    4.6913    4.6913
    0.1311   -0.0689    0.1311   -0.0689    0.1311   -0.0689    0.1311   -0.0689    0.1311   -0.0689    0.1311
         0         0         0         0         0         0         0         0         0         0         0

  Columns 111 through 121

         0         0         0         0         0         0         0         0         0         0         0
   -0.1345   -0.1345   -0.1345   -0.1345   -0.1345   -0.1345   -0.1345   -0.1345   -0.1345   -0.1345   -0.1345
   -1.6397   -1.6397   -1.6397   -1.6397   -1.6397   -1.6397   -1.6397   -1.6397   -1.6397   -1.6397   -1.6397
    4.8913    4.8913    5.0913    5.0913    5.2913    5.2913    5.4913    5.4913    5.6913    5.6913    5.8913
   -0.0689    0.1311   -0.0689    0.1311   -0.0689    0.1311   -0.0689    0.1311   -0.0689    0.1311   -0.0689
         0         0         0         0         0         0         0         0         0         0         0

  Columns 122 through 124

         0         0         0
   -0.1345   -0.1345   -0.1345
   -1.6397   -1.6397   -1.6397
    5.8913    6.0913    6.0913
    0.1311   -0.0689    0.1311
         0         0         0

